FANN_FLO_2.1
num_layers=3
learning_rate=0.700000
connection_rate=1.000000
network_type=0
learning_momentum=0.000000
training_algorithm=2
train_error_function=1
train_stop_function=0
cascade_output_change_fraction=0.010000
quickprop_decay=-0.000100
quickprop_mu=1.750000
rprop_increase_factor=1.200000
rprop_decrease_factor=0.500000
rprop_delta_min=0.000000
rprop_delta_max=50.000000
rprop_delta_zero=0.100000
cascade_output_stagnation_epochs=12
cascade_candidate_change_fraction=0.010000
cascade_candidate_stagnation_epochs=12
cascade_max_out_epochs=150
cascade_min_out_epochs=50
cascade_max_cand_epochs=150
cascade_min_cand_epochs=50
cascade_num_candidate_groups=2
bit_fail_limit=3.49999994039535522461e-01
cascade_candidate_limit=1.00000000000000000000e+03
cascade_weight_multiplier=4.00000005960464477539e-01
cascade_activation_functions_count=10
cascade_activation_functions=3 5 7 8 10 11 14 15 16 17 
cascade_activation_steepnesses_count=4
cascade_activation_steepnesses=2.50000000000000000000e-01 5.00000000000000000000e-01 7.50000000000000000000e-01 1.00000000000000000000e+00 
layer_sizes=4 4 4 
scale_included=0
neurons (num_inputs, activation_function, activation_steepness)=(0, 0, 0.00000000000000000000e+00) (0, 0, 0.00000000000000000000e+00) (0, 0, 0.00000000000000000000e+00) (0, 0, 0.00000000000000000000e+00) (4, 5, 5.00000000000000000000e-01) (4, 5, 5.00000000000000000000e-01) (4, 5, 5.00000000000000000000e-01) (0, 5, 0.00000000000000000000e+00) (4, 5, 5.00000000000000000000e-01) (4, 5, 5.00000000000000000000e-01) (4, 5, 5.00000000000000000000e-01) (0, 5, 0.00000000000000000000e+00) 
connections (connected_to_neuron, weight)=(0, 2.84575152397155761719e+00) (1, -2.18219256401062011719e+00) (2, -2.43462276458740234375e+00) (3, 1.79547324776649475098e-01) (0, -1.57973432540893554688e+00) (1, 1.42361116409301757812e+00) (2, 1.22621572017669677734e+00) (3, -4.67271953821182250977e-01) (0, 8.12843084335327148438e-01) (1, -2.91215944290161132812e+00) (2, 4.34495776891708374023e-01) (3, 1.31209945678710937500e+00) (4, 1.24748449325561523438e+01) (5, 2.47845973968505859375e+01) (6, 3.42221498489379882812e+00) (7, 2.72772240638732910156e+00) (4, 1.14836177825927734375e+01) (5, 2.28738670349121093750e+01) (6, 2.71427464485168457031e+00) (7, 2.72971653938293457031e+00) (4, 1.22747707366943359375e+01) (5, 2.42575397491455078125e+01) (6, 4.10248279571533203125e+00) (7, 2.21597123146057128906e+00) 
